data.000:
4 3
1 3 8
9 3 5
7 8 6
4 8 7

neh:
32
1 4 3 2

data.001:
20 5
54 79 16 66 58
83 3 89 58 56
15 11 49 31 20
71 99 15 68 85
77 56 89 78 53
36 70 45 91 35
53 99 60 13 53
38 60 23 59 41
27 5 57 49 69
87 56 64 85 13
76 3 7 85 86
91 61 1 9 72
14 73 63 39 8
29 75 41 41 49
12 47 63 56 47
77 14 47 40 87
32 21 26 54 58
87 86 75 77 18
68 5 77 51 68
94 77 40 31 28

neh:
1286
3 17 9 8 15 14 11 16 13 19 6 4 5 18 1 2 10 7 20 12

data.002:
20 5
26 59 78 88 69
38 62 90 54 30
27 44 64 47 61
88 10 49 83 35
95 23 47 84 53
55 64 20 9 98
54 47 61 30 94
63 68 93 11 33
23 54 36 92 77
45 9 47 63 31
86 30 70 62 54
43 31 54 75 71
43 92 87 48 78
40 7 13 23 9
37 14 40 85 79
54 95 34 23 51
35 76 55 4 76
59 82 13 31 56
43 91 11 13 80
50 37 5 98 72

neh:
1365
19 14 6 20 3 10 17 9 18 12 7 15 1 13 16 5 4 11 2 8

data.003:
20 5
77 39 14 11 83
94 31 21 2 13
9 46 15 36 84
57 18 10 30 46
29 93 85 89 20
79 58 46 10 33
55 85 42 88 74
73 58 18 22 42
65 97 36 31 33
86 10 2 9 71
25 79 44 43 32
39 93 89 91 48
76 2 6 26 42
24 87 3 3 99
38 17 1 75 7
5 18 43 99 54
91 10 81 63 8
29 50 57 83 73
22 8 76 70 30:
4 3
1 3 8
9 3 5
7 8 6
4 8 7

neh:
32
1 4 3 2

data.001:
20 5
54 79 16 66 58
83 3 89 58 56
15 11 49 31 20
71 99 15 68 85
77 56 89 78 53
36 70 45 91 35
53 99 60 13 53
38 60 23 59 41
27 5 57 49 69
87 56 64 85 13
76 3 7 85 86
91 61 1 9 72
14 73 63 39 8
29 75 41 41 49
12 47 63 56 47
77 14 47 40 87
32 21 26 54 58
87 86 75 77 18
68 5 77 51 68
94 77 40 31 28

neh:
1286
3 17 9 8 15 14 11 16 13 19 6 4 5 18 1 2 10 7 20 12

data.002:
20 5
26 59 78 88 69
38 62 90 54 30
27 44 64 47 61
88 10 49 83 35
95 23 47 84 53
55 64 20 9 98
54 47 61 30 94
63 68 93 11 33
23 54 36 92 77
45 9 47 63 31
86 30 70 62 54
43 31 54 75 71
43 92 87 48 78
40 7 13 23 9
37 14 40 85 79
54 95 34 23 51
35 76 55 4 76
59 82 13 31 56
43 91 11 13 80
50 37 5 98 72

neh:
1365
19 14 6 20 3 10 17 9 18 12 7 15 1 13 16 5 4 11 2 8

data.003:
20 5
77 39 14 11 83
94 31 21 2 13
9 46 15 36 84
57 18 10 30 46
29 93 85 89 20
79 58 46 10 33
55 85 42 88 74
73 58 18 22 42
65 97 36 31 33
86 10 2 9 71
25 79 44 43 32
39 93 89 91 48
76 2 6 26 42
24 87 3 3 99
38 17 1 75 7
5 18 43 99 54
91 10 81 63 8
29 50 57 83 73
22 8 76 70 30
